Title,Company,Location,Duration,Stipend,Link
Content and Social Media Marketing,N/A,N/A,N/A,"₹ 7,000 - 10,000 /month",https://internshala.com/internship/detail/content-and-social-media-marketing-internship-in-penha-de-frana-at-anywhere-escapes1750937540
Social Entrepreneurship,N/A,N/A,N/A,"₹ 1,500 - 10,000 lump sum",https://internshala.com/internship/detail/work-from-home-part-time-social-entrepreneurship-internship-at-nayepankh-foundation1751868167
Fundraising,N/A,N/A,N/A,"₹ 1,500 - 25,000 /month",https://internshala.com/internship/detail/work-from-home-fundraising-internship-at-hiremath-foundation1750825300
Digital Marketing,N/A,N/A,N/A,"₹ 10,000 - 15,000 /month",https://internshala.com/internship/detail/digital-marketing-internship-in-gurgaon-at-next-crest-media1751969307
Business Development (Sales),N/A,N/A,N/A,"₹ 1,500 - 10,000 lump sum",https://internshala.com/internship/detail/work-from-home-part-time-business-development-sales-internship-at-nayepankh-foundation1751868129
Architecture,N/A,N/A,N/A,"₹ 10,000 - 13,000 /month",https://internshala.com/internship/detail/architecture-internship-in-delhi-at-yupland1750243292
Fitness Trainer,N/A,N/A,N/A,"₹ 10,000 - 20,000 /month",https://internshala.com/internship/detail/fitness-trainer-internship-in-chennai-at-primal-patterns1751620121
Content Writing Intern,N/A,N/A,N/A,"₹ 18,000 - 20,000 /month",https://internshala.com/internship/detail/content-and-social-media-marketing-internship-in-gurgaon-at-enkash1749874690
Business Development (Sales),N/A,N/A,N/A,"₹ 16,500 /month",https://internshala.com/internship/detail/work-from-home-business-development-sales-internship-at-idream-mba1751541729
Capability Building Support,N/A,N/A,N/A,"₹ 10,000 - 15,000 /month",https://internshala.com/internship/detail/capability-building-support-internship-in-mumbai-at-cipla1751959953
N/A,N/A,N/A,N/A,N/A,N/A
Mission Prakriti,N/A,N/A,N/A,"₹ 5,000 - 10,000 /month",https://internshala.com/internship/detail/mission-prakriti-internship-in-guwahati-at-wwf-india1751974586
Fundraising,N/A,N/A,N/A,Unpaid,https://internshala.com/internship/detail/work-from-home-part-time-fundraising-internship-at-marpu-foundation1751967435
Social Media Marketing,N/A,N/A,N/A,Unpaid,https://internshala.com/internship/detail/work-from-home-social-media-marketing-internship-at-marpu-foundation1751967396
Content Writing,N/A,N/A,N/A,Unpaid,https://internshala.com/internship/detail/work-from-home-content-writing-internship-at-marpu-foundation1751967187
Technology,N/A,N/A,N/A,"₹ 75,000 /month",https://internshala.com/internship/detail/technology-internship-in-bangalore-at-booking-holdings-india-coe1751962583
Human Resources (HR),N/A,N/A,N/A,"₹ 4,000 - 5,000 /month",https://internshala.com/internship/detail/human-resources-hr-internship-in-pune-at-firstcrycom1751956238
Human Resources (HR),N/A,N/A,N/A,"₹ 20,000 - 30,000 /month",https://internshala.com/internship/detail/human-resources-hr-internship-in-mumbai-at-gupshup-technology1751955670
Financial Stock Market Research,N/A,N/A,N/A,"₹ 2,000 - 4,000 /month",https://internshala.com/internship/detail/work-from-home-financial-stock-market-research-internship-at-focus-wise-solution1751952805
Learning & Development (L&D) Intern,N/A,N/A,N/A,"₹ 7,000 - 9,000 /month",https://internshala.com/internship/detail/learning-development-l-d-intern-internship-in-kolkata-at-ck-birla-healthcare-private-limited1751952366
Administration,N/A,N/A,N/A,"₹ 5,000 /month",https://internshala.com/internship/detail/administration-internship-in-multiple-locations-at-the-professional-couriers1751948311
Human Resources (HR),N/A,N/A,N/A,"₹ 6,000 /month",https://internshala.com/internship/detail/human-resources-hr-internship-in-navi-mumbai-at-eduonix-learning-solutions-private-limited1751917596
Digital Marketing,N/A,N/A,N/A,"₹ 15,000 - 15,001 /month",https://internshala.com/internship/detail/digital-marketing-internship-in-bangalore-at-cloudnine-hospital1751893102
E-Commerce,N/A,N/A,N/A,"₹ 10,000 /month",https://internshala.com/internship/detail/e-commerce-internship-in-delhi-at-loccitane-india1751891187
Omni Sports Advisor,N/A,N/A,N/A,"₹ 12,000 /month",https://internshala.com/internship/detail/omni-sports-advisor-internship-in-pune-at-decathlon-sport-india-private-limited1751887795
Talent Acquisition,N/A,N/A,N/A,"₹ 20,000 /month",https://internshala.com/internship/detail/talent-acquisition-internship-in-bangalore-at-leap-finance1751880227
Brand Marketing,N/A,N/A,N/A,"₹ 8,000 - 10,000 /month",https://internshala.com/internship/detail/brand-marketing-internship-in-gurgaon-at-collegedekhocom1751886789
Graphic Designer,N/A,N/A,N/A,"₹ 5,000 /month",https://internshala.com/internship/detail/graphic-designer-internship-in-delhi-at-raghav-chadha1751883247
AI Video Content Creation,N/A,N/A,N/A,"₹ 5,000 /month",https://internshala.com/internship/detail/ai-video-content-creation-internship-in-delhi-at-raghav-chadha1751883008
Content Writing,N/A,N/A,N/A,"₹ 5,000 /month",https://internshala.com/internship/detail/content-writing-internship-in-delhi-at-raghav-chadha1751882951
Content Writing,N/A,N/A,N/A,"₹ 3,000 - 5,000 /month",https://internshala.com/internship/detail/content-writing-internship-in-mumbai-at-ht-media1751866955
Stock Market Learning & Outreach,N/A,N/A,N/A,"₹ 2,000 - 5,000 /month",https://internshala.com/internship/detail/work-from-home-stock-market-learning-outreach-internship-at-focus-wise-solution1751863668
Marketing and Sales,N/A,N/A,N/A,"₹ 8,000 /month",https://internshala.com/internship/detail/marketing-and-sales-internship-in-kolkata-at-reliance-nippon-life-insurance1751632946
Customer Service/Customer Support,N/A,N/A,N/A,"₹ 10,500 - 25,000 /month",https://internshala.com/internship/detail/customer-service-customer-support-internship-in-delhi-at-motilal-oswal-financial-services1751631146
Fashion Design,N/A,N/A,N/A,"₹ 5,000 - 10,000 /month",https://internshala.com/internship/detail/fashion-design-internship-in-bangalore-at-wakefit-innovations-private-limited1751631087
Inside Sales,N/A,N/A,N/A,"₹ 15,000 - 25,000 /month",https://internshala.com/internship/detail/inside-sales-internship-in-gurgaon-at-ics-foods1751635190
Video Production,N/A,N/A,N/A,"₹ 10,000 - 15,000 /month",https://internshala.com/internship/detail/video-production-internship-in-bangalore-at-nobroker1751627018
Marketing,N/A,N/A,N/A,"₹ 10,000 /month",https://internshala.com/internship/detail/marketing-internship-in-mumbai-at-western-refrigeration-pvt-ltd1751622541
Talent Acquisition,N/A,N/A,N/A,"₹ 15,000 - 20,000 /month",https://internshala.com/internship/detail/talent-acquisition-internship-in-bangalore-at-acko-general-insurance1751618820
Inside Sales,N/A,N/A,N/A,"₹ 15,000 - 50,000 /month",https://internshala.com/internship/detail/inside-sales-internship-in-mohali-at-geniehr-solutions-pvt-ltd1751615544
Marketing,N/A,N/A,N/A,"₹ 15,000 - 20,000 /month",https://internshala.com/internship/detail/marketing-internship-in-mumbai-at-westcon-comstor1751612661
Business Development (Sales),N/A,N/A,N/A,"₹ 23,000 - 25,000 /month",https://internshala.com/internship/detail/business-development-sales-internship-in-mumbai-at-urban-company1751612590
Prompt Engineering,N/A,N/A,N/A,"₹ 20,000 - 25,000 /month",https://internshala.com/internship/detail/prompt-engineering-internship-in-bangalore-at-nobroker1751608788
Content Writing,N/A,N/A,N/A,"₹ 10,000 /month",https://internshala.com/internship/detail/content-writing-internship-in-bangalore-at-nobroker-technologies-solution-private-limited1751547603
E-Learning Course Graphics Designer/Animator,N/A,N/A,N/A,"₹ 10,000 - 15,000 /month",https://internshala.com/internship/detail/e-learning-course-graphics-designer-animator-internship-in-multiple-locations-at-imarticus-learning1751551153
Operations,N/A,N/A,N/A,"₹ 15,000 /month",https://internshala.com/internship/detail/operations-internship-in-bangalore-at-delhivery-direct-local1751546228
Delegate Acquisition,N/A,N/A,N/A,"₹ 9,000 - 10,000 /month",https://internshala.com/internship/detail/delegate-acquisition-internship-in-noida-at-times-internet1751544215
Telecalling,N/A,N/A,N/A,"₹ 15,000 - 30,000 /month",https://internshala.com/internship/detail/telecalling-internship-in-multiple-locations-at-exp-realty1751539188
Human Resources (HR),N/A,N/A,N/A,"₹ 10,000 /month",https://internshala.com/internship/detail/human-resources-hr-internship-in-hyderabad-at-kisaan-parivar-private-limited1751534204
Recruitment,N/A,N/A,N/A,"₹ 10,000 - 15,000 /month",https://internshala.com/internship/detail/recruitment-internship-in-navi-mumbai-at-propertypistol1751528575
Content Programming,N/A,N/A,N/A,"₹ 5,000 /month",https://internshala.com/internship/detail/content-programming-internship-in-mumbai-at-hungama-digital-media-entertainment-private-limited1751527335
